[array([0.37454 , 0.950714]), array([0.37454 , 0.950714]), array([0.444444, 0.666666, 0.333333]), array([0.555555, 0.444444, 0.222222, 0.111111]), array([0.224189, 0.84648 , 0.879484, 0.878515]), array([0.728186, 0.154693, 0.732552, 0.693997, 0.564013]), array([0.045091, 0.528666, 0.329265, 0.10535 , 0.434667, 0.641164]), array([0.273673, 0.2604  , 0.073937, 0.078562, 0.862321, 0.230729,
       0.108688, 0.352588])]
[array([0.536429, 0.835362]), array([0.978752, 0.932731]), array([0.657452, 0.998464, 0.817253]), array([0.00628 , 0.28184 , 0.932013, 0.960202]), array([0.255841, 0.841692, 0.888984, 0.86026 ]), array([0.433654, 0.486678, 0.282753, 0.972905, 0.323321]), array([0.243848, 0.9001  , 0.696978, 0.19363 , 0.374149, 0.826324]), array([0.16316 , 0.184786, 0.152644, 0.083802, 0.999322, 0.544113,
       0.184124, 0.123846])]
[array([0.614168, 0.334143]), array([6.00000e-06, 3.34143e-01]), array([0.670026, 0.057881, 0.658241]), array([0.394519, 0.361122, 0.256803, 0.461856]), array([0.255842, 0.841692, 0.888985, 0.860266]), array([4.95070e-01, 9.71520e-02, 6.72921e-01, 7.00000e-06, 3.51268e-01]), array([0.143585, 0.302559, 0.571101, 0.194533, 0.395561, 0.815792]), array([0.088894, 0.525132, 0.030986, 0.992538, 0.870819, 0.21706 ,
       0.011239, 0.447691])]
[array([0.872626, 0.321598]), array([0.197553, 0.808683]), array([0.650132, 0.218327, 0.110542]), array([0.715715, 0.504442, 0.275065, 0.552962]), array([0., 0., 0., 0.]), array([0.973181, 0.022807, 0.714484, 0.145453, 0.97479 ]), array([0.045103, 0.016167, 0.773003, 0.156031, 0.147073, 0.616114]), array([0.356502, 0.157574, 0.172997, 0.610561, 0.106477, 0.260297,
       0.411421, 0.90474 ])]
[array([0.897714, 0.081699]), array([0.555332, 0.360931]), array([0.522711, 0.090769, 0.451242]), array([0.713766, 0.198601, 0.014095, 0.068347]), array([0.754614, 0.504566, 0.432986, 0.307039]), array([0.824244, 0.022732, 0.960907, 0.041715, 0.89756 ]), array([0.025337, 0.910075, 0.72779 , 0.075231, 0.386516, 0.492629]), array([0.110992, 0.022977, 0.255313, 0.963757, 0.895383, 0.716713,
       0.030436, 0.083412])]
[array([0.222521, 0.999673]), array([0.473151, 0.950706]), array([0.418776, 0.420613, 0.695421]), array([0.753422, 0.441826, 0.942545, 0.489846]), array([0.654981, 0.602894, 0.898891, 0.589622]), array([0.78177 , 0.192076, 0.805757, 0.695733, 0.56594 ]), array([0.042873, 0.466831, 0.379623, 0.20709 , 0.367754, 0.515646]), array([0.115956, 0.821931, 0.587418, 0.022809, 0.44026 , 0.96555 ,
       0.368459, 0.301774])]
[array([0.35042 , 0.999543]), array([0.009675, 0.999881]), array([0.427731, 0.66981 , 0.343678]), array([0.096005, 0.028299, 0.033322, 0.077327]), array([0., 0., 0., 0.]), array([0.68383 , 0.035248, 0.777884, 0.740721, 0.62931 ]), array([0.121173, 0.544849, 0.282921, 0.037758, 0.374065, 0.591179]), array([0.006802, 0.833571, 0.147083, 0.461921, 0.26353 , 0.887722,
       0.724982, 0.315234])]
[array([0.397837, 0.919531]), array([0.314242, 0.973527]), array([0.457347, 0.664022, 0.295993]), array([0.046009, 0.778273, 0.979511, 0.088488]), array([0.08123 , 0.992582, 0.156202, 0.988421]), array([0.994993, 0.316819, 0.508801, 0.557706, 0.579403]), array([0.016174, 0.558963, 0.348588, 0.050763, 0.417748, 0.64403 ]), array([0.712683, 0.197193, 0.129585, 0.337018, 0.771044, 0.106613,
       0.229839, 0.008464])]
[array([0.42141 , 0.935804]), array([0.995366, 0.102732]), array([0.449035, 0.664262, 0.290384]), array([0.889493, 0.002958, 0.445975, 0.774547]), array([0.319924, 0.675406, 0.431628, 1.      ]), array([0.711755, 0.17567 , 0.738396, 0.689597, 0.562717]), array([0.018603, 0.530937, 0.376818, 0.094048, 0.443567, 0.614974]), array([0.321258, 0.232284, 0.021301, 0.      , 0.895967, 0.249315,
       0.054463, 0.073967])]
[array([0.379403, 0.071186]), array([0.329121, 0.99795 ]), array([0.447317, 0.65893 , 0.324854]), array([0.587928, 0.514452, 0.045793, 0.032616]), array([0.005552, 0.918769, 0.692571, 0.988052]), array([0.853051, 0.152023, 0.700695, 0.554516, 0.611033]), array([0.107447, 0.625529, 0.309529, 0.130105, 0.44366 , 0.667717]), array([0.546897, 0.163123, 0.136484, 0.078398, 0.771803, 0.070794,
       0.119397, 0.111488])]
[array([0.353293, 0.956697]), array([0.384537, 0.996119]), array([0.450034, 0.667941, 0.342989]), array([0.80766 , 0.348421, 0.277162, 0.044827]), array([0.016444, 0.027486, 0.656999, 0.955172]), array([0.67859 , 0.144728, 0.730278, 0.715653, 0.604728]), array([0.280913, 0.512275, 0.321637, 0.188234, 0.420546, 0.641027]), array([0.234325, 0.196964, 0.387716, 0.46245 , 0.845967, 0.154645,
       0.549698, 0.111557])]
[array([0.997915, 0.748997]), array([0.692505, 0.619198]), array([0.737864, 0.713916, 0.373523]), array([0.370439, 0.382409, 0.425133, 0.390888]), array([0.09922 , 0.956523, 0.978678, 0.993262]), array([0.542094, 0.205654, 0.578843, 0.946832, 0.036709]), array([0.108717, 0.301229, 0.470084, 0.22803 , 0.331784, 0.836498]), array([0.123374, 0.09797 , 0.065526, 0.059094, 0.757317, 0.290599,
       0.242285, 0.654268])]